4508674362 0 19906 37
4508674418 0 27403 19
4508674468 0 2236 2
4508674519 0 0 0
4508674569 0 0 0
4508674619 0 0 0
4508674669 0 0 0
4508674719 0 0 0
4508674769 0 0 0
4508674820 0 0 0
4508674870 0 0 0
4508674920 0 0 0
4508674970 0 0 0
4508675021 0 0 0
4508675071 0 0 0
4508675122 0 0 0
4508675172 0 0 0
4508675223 0 0 0
4508675273 0 0 0
4508675323 0 0 0
4508675373 0 2017 2
4508675424 0 0 0
4508675474 0 23944 28
4508675524 0 13587 12
4508675574 0 0 0
4508675625 0 0 0
4508675676 0 0 0
4508675727 0 0 0
4508675777 0 0 0
4508675828 0 0 0
4508675878 0 0 0
4508675929 0 0 0
4508675979 0 0 0
4508676030 0 0 0
4508676080 0 0 0
4508676131 0 0 0
4508676181 0 0 0
4508676231 0 0 0
4508676282 0 0 0
4508676333 0 0 0
4508676383 0 1944 6
4508676433 0 0 0
4508676483 0 0 0
4508676533 0 14710 32
4508676584 0 16169 31
4508676635 0 0 0
4508676685 0 0 0
4508676736 0 0 0
4508676786 0 0 0
4508676836 0 0 0
4508676886 0 0 0
4508676937 0 0 0
4508676988 0 0 0
4508677039 0 0 0
4508677089 0 0 0
4508677140 0 0 0
4508677190 0 0 0
4508677241 0 0 0
4508677292 0 0 0
4508677343 0 0 0
4508677393 0 1942 2
4508677443 0 0 0
4508677493 0 0 0
4508677543 0 0 0
4508677599 0 14663 12
4508677649 0 10826 10
4508677700 0 0 0
4508677750 0 0 0
4508677801 0 0 0
4508677851 0 0 0
4508677901 0 0 0
4508677951 0 0 0
4508678001 0 0 0
4508678051 0 0 0
4508678102 0 0 0
4508678152 0 0 0
4508678203 0 0 0
4508678254 0 0 0
4508678304 0 0 0
4508678354 0 0 0
4508678404 0 1951 0
4508678455 0 0 0
4508678505 0 0 0
4508678556 0 0 0
4508678606 0 0 0
4508678658 0 9856 19
4508678708 0 11438 16
4508678759 0 0 0
4508678809 0 0 0
4508678860 0 0 0
4508678910 0 0 0
4508678961 0 0 0
4508679011 0 0 0
4508679062 0 0 0
4508679112 0 0 0
4508679163 0 0 0
4508679213 0 0 0
4508679263 0 0 0
4508679314 0 0 0
4508679364 0 1933 2
4508679415 0 0 0
4508679465 0 0 0
4508679516 0 0 0
4508679567 0 0 0
4508679617 0 0 0
4508679667 0 0 0
4508679718 0 11278 33
4508679769 0 6296 19
4508679820 0 0 0
4508679871 0 0 0
4508679922 0 0 0
4508679973 0 0 0
4508680023 0 0 0
4508680073 0 0 0
4508680123 0 0 0
4508680174 0 0 0
4508680224 0 0 0
4508680274 0 0 0
4508680325 0 0 0
4508680375 0 1864 4
4508680425 0 0 0
4508680475 0 0 0
4508680526 0 0 0
4508680576 0 0 0
4508680626 0 0 0
4508680677 0 0 0
4508680728 0 0 0
4508680778 2 3366 44
4508680828 10 2229 40
4508680881 23 2941 52
4508680932 8 2124 41
4508680982 16 1698 48
4508681032 0 292 42
4508681082 1 142 34
4508681132 1 471 22
4508681184 1 3 28
4508681234 12 910 26
4508681284 0 132 38
4508681334 0 0 26
4508681386 2 343 3
4508681436 6 1192 14
4508681486 5 508 12
4508681536 0 0 0
4508681586 0 0 0
4508681636 0 0 0
4508681686 0 0 0
4508681736 0 0 0
4508681787 0 0 0
4508681837 0 0 0
4508681888 0 0 0
4508681938 0 0 0
4508681988 0 0 0
4508682038 0 0 0
4508682088 0 0 0
4508682138 0 0 0
4508682189 0 0 0
4508682239 0 0 0
4508682289 0 0 0
4508682340 0 0 0
4508682390 35 973 36
4508682440 2 11 32
4508682492 5 324 23
4508682546 38 922 50
4508682596 41 881 48
4508682646 58 1184 64
4508682697 7 218 19
4508682747 15 206 34
4508682797 74 698 80
4508682849 49 492 57
4508682899 30 842 40
4508682949 0 0 48
4508682999 0 86 42
4508683049 60 623 64
4508683099 16 92 36
4508683149 23 226 54
4508683199 26 209 46
4508683249 16 146 32
4508683299 17 133 54
4508683349 31 207 44
4508683399 27 155 50
4508683449 21 220 48
4508683499 22 147 28
4508683549 81 698 80
4508683599 54 386 52
4508683649 0 0 24
4508683699 0 0 40
4508683749 52 327 72
4508683799 28 150 46
4508683849 11 94 44
4508683899 22 175 40
4508683949 0 0 46
4508683999 36 294 56
4508684049 5 366 10
4508684099 45 187 52
4508684149 64 353 72
4508684199 72 754 78
4508684249 60 1237 70
4508684299 72 350 80
4508684349 86 503 80
4508684399 79 422 78
4508684449 31 182 46
4508684501 0 6 19
4508684551 80 469 78
4508684601 78 443 80
4508684651 80 412 78
4508684701 75 447 74
4508684755 23 105 22
4508684805 23 76 24
4508684855 65 297 82
4508684905 72 299 76
4508684955 66 285 80
4508685005 39 136 52
4508685055 0 0 0
4508685105 0 0 0
4508685155 0 0 0
4508685205 0 0 0
4508685259 37 1810 44
4508685309 0 0 0
4508685359 0 0 0
4508685409 0 0 0
4508685459 0 0 0
4508685509 0 0 0
4508685559 0 0 0
4508685609 0 0 0
4508685659 0 0 0
4508685709 0 0 0
4508685760 0 0 0
4508685810 0 0 0
4508685860 0 0 0
4508685910 0 0 0
4508685960 0 0 0
4508686010 24 63 26
4508686060 74 362 80
4508686110 82 503 76
4508686160 69 374 64
4508686210 63 347 60
4508686260 22 318 40
4508686310 32 1614 48
4508686360 59 293 60
4508686410 68 329 66
4508686460 67 244 66
4508686510 78 347 70
4508686560 1 3 24
4508686610 64 311 62
4508686660 57 291 54
4508686710 61 216 56
4508686760 83 373 78
4508686810 52 275 48
4508686863 68 319 56
4508686913 69 333 64
4508686963 25 170 36
4508687013 88 330 76
4508687063 39 141 38
4508687113 0 0 40
4508687163 57 254 60
4508687213 58 301 52
4508687263 38 139 44
4508687313 38 185 56
4508687363 10 124 14
4508687413 0 0 14
4508687463 41 1511 60
4508687513 21 216 22
4508687563 73 249 68
4508687613 86 381 82
4508687663 60 201 60
4508687715 90 367 71
4508687765 82 301 68
4508687815 74 267 68
4508687865 36 109 48
4508687915 50 133 58
4508687965 55 183 46
4508688015 79 329 74
4508688065 54 186 48
4508688116 61 225 47
4508688166 82 301 80
4508688216 84 357 70
4508688267 37 145 47
4508688317 78 314 66
4508688367 65 216 64
4508688417 64 244 48
4508688467 100 386 78
4508688517 30 699 40
4508688567 41 1061 48
4508688617 88 220 68
4508688667 36 139 28
4508688717 84 265 80
4508688767 81 249 76
4508688817 40 128 38
4508688867 85 309 80
4508688917 31 104 34
4508688967 92 332 80
4508689017 88 288 78
4508689067 96 352 82
4508689117 62 176 52
4508689167 85 231 72
4508689217 61 186 52
4508689267 75 266 64
4508689317 41 138 32
4508689367 66 233 66
4508689417 18 32 16
4508689467 91 277 80
4508689517 82 261 78
4508689567 90 342 80
4508689617 48 948 58
4508689667 53 155 52
4508689717 98 337 80
4508689767 28 257 24
4508689817 61 457 52
4508689867 10 347 8
4508689917 0 0 0
4508689968 0 0 0
4508690018 0 0 0
4508690068 0 0 0
4508690119 0 0 0
4508690169 0 0 0
4508690220 0 0 0
4508690270 0 0 0
4508690320 0 0 0
4508690370 0 0 0
4508690421 0 0 0
4508690471 0 0 0
4508690522 0 0 0
4508690572 0 0 0
4508690622 0 0 0
4508690672 0 0 0
4508690723 0 0 0
4508690773 0 0 0
4508690823 44 96 48
4508690873 85 226 78
4508690923 90 337 74
4508690973 68 1662 72
4508691023 86 211 78
4508691073 93 238 76
4508691123 67 176 62
4508691173 87 211 68
4508691223 80 224 70
4508691273 91 219 80
4508691323 74 159 58
4508691373 81 201 64
4508691423 87 223 70
4508691473 91 277 76
4508691523 82 202 68
4508691573 85 160 62
4508691623 86 210 66
4508691673 97 229 76
4508691723 71 247 66
4508691773 91 237 72
4508691823 106 299 80
4508691873 33 100 32
4508691923 78 215 72
4508691973 46 612 50
4508692023 58 1201 68
4508692073 89 230 74
4508692123 92 270 70
4508692173 83 236 64
4508692223 91 274 72
4508692273 95 192 66
4508692323 95 255 72
4508692373 91 201 68
4508692424 93 208 70
4508692474 103 222 82
4508692525 110 275 78
4508692575 51 98 40
4508692625 95 212 72
4508692675 96 226 66
4508692725 101 268 72
4508692775 92 186 72
4508692825 113 278 80
4508692875 114 264 72
4508692925 103 255 78
4508692975 96 206 60
4508693025 106 262 74
4508693075 91 269 70
4508693125 59 1556 70
4508693175 9 298 6
4508693225 102 187 76
4508693275 95 223 76
4508693325 112 258 80
4508693375 125 245 82
4508693425 120 209 80
4508693476 91 185 70
4508693526 100 199 76
4508693576 106 219 66
4508693626 16 39 20
4508693676 99 160 78
4508693726 106 262 82
4508693776 106 202 70
4508693826 82 161 62
4508693877 129 326 74
4508693927 79 139 62
4508693977 85 135 64
4508694027 110 228 70
4508694077 115 254 80
4508694127 101 183 72
4508694177 95 227 76
4508694227 116 645 66
4508694277 88 228 54
4508694327 63 282 44
4508694377 126 263 76
4508694427 110 256 62
4508694477 21 354 16
4508694527 45 683 38
4508694577 128 278 76
4508694627 129 204 80
4508694677 124 248 76
4508694727 99 184 74
4508694777 123 240 76
4508694827 127 261 74
4508694880 70 128 49
4508694931 0 0 0
4508694982 0 0 0
4508695032 0 0 0
4508695082 0 0 0
4508695132 0 0 0
4508695182 0 0 0
4508695233 0 0 0
4508695283 0 0 0
4508695333 0 0 0
4508695383 0 0 0
4508695433 0 0 0
4508695484 0 0 0
4508695534 53 952 62
4508695584 41 721 42
4508695635 0 0 0
4508695685 0 0 0
4508695736 0 0 0
4508695786 0 0 0
4508695837 0 0 0
4508695887 58 104 28
4508695937 113 150 72
4508695987 122 213 80
4508696037 118 168 80
4508696087 118 179 66
4508696137 94 176 64
4508696187 111 190 76
4508696237 127 172 80
4508696287 111 161 72
4508696337 91 131 62
4508696387 123 179 78
4508696437 93 136 62
4508696487 142 234 74
4508696537 134 223 82
4508696587 146 235 74
4508696637 100 281 68
4508696687 86 472 84
4508696737 30 53 16
4508696787 128 206 78
4508696837 145 216 72
4508696887 136 239 76
4508696937 138 242 72
4508696987 133 244 78
4508697037 156 246 76
4508697087 147 283 76
4508697137 160 355 80
4508697187 152 277 78
4508697237 157 326 68
4508697287 169 309 68
4508697337 132 249 78
4508697387 152 308 80
4508697437 151 292 76
4508697487 159 341 72
4508697537 120 311 76
4508697587 131 331 78
4508697637 130 292 74
4508697687 149 302 80
4508697737 130 268 74
4508697787 132 285 76
4508697837 161 342 74
4508697887 141 350 78
4508697937 138 346 68
4508697987 159 465 76
4508698037 154 364 80
4508698087 171 480 68
4508698137 169 416 78
4508698187 165 484 72
4508698237 167 460 78
4508698287 183 503 74
4508698337 169 457 70
4508698387 162 466 74
4508698437 150 502 74
4508698487 90 245 40
4508698537 0 0 0
4508698587 0 0 0
4508698637 0 0 0
4508698687 0 0 0
4508698737 0 0 0
4508698787 0 0 0
4508698837 0 0 0
4508698888 0 0 0
4508698939 0 0 0
4508698989 0 0 0
4508699039 0 0 0
4508699090 0 0 0
4508699141 0 0 0
4508699191 0 0 0
4508699241 0 0 0
4508699291 0 0 0
4508699341 0 0 0
4508699391 0 0 0
4508699442 0 0 0
4508699492 84 223 42
4508699542 171 506 72
4508699592 172 550 78
4508699642 179 538 74
4508699692 182 587 84
4508699742 195 597 72
4508699792 184 524 70
4508699842 175 565 68
4508699892 184 538 70
4508699942 198 642 74
4508699992 144 408 72
4508700042 162 471 72
4508700092 119 411 52
4508700142 153 457 66
4508700192 157 423 68
4508700242 190 515 72
4508700292 174 495 72
4508700342 143 333 50
4508700392 177 451 68
4508700442 199 542 76
4508700492 177 429 64
4508700542 174 453 72
4508700592 123 314 56
4508700642 173 418 64
4508700692 212 371 72
4508700742 195 469 64
4508700792 142 355 60
4508700842 198 438 68
4508700892 163 382 48
4508700942 137 261 44
4508700992 118 284 46
4508701042 0 0 0
4508701092 0 0 0
4508701143 0 0 0
4508701194 0 0 0
4508701244 0 0 0
4508701295 0 0 0
4508701346 0 0 0
4508701396 0 0 0
4508701447 0 0 0
4508701497 0 0 0
4508701548 0 0 0
4508701599 0 0 0
4508701649 0 0 0
4508701699 0 0 0
4508701749 0 0 0
4508701800 0 0 0
4508701850 0 0 0
4508701901 0 0 0
4508701952 0 0 0
4508702002 82 192 34
4508702052 162 392 68
4508702102 182 349 78
4508702152 188 388 76
4508702202 110 270 40
4508702252 178 377 66
4508702302 110 290 48
4508702352 187 321 76
4508702402 196 401 66
4508702452 117 266 40
4508702503 0 0 0
4508702554 1 2 0
4508702604 145 361 58
4508702654 54 76 18
4508702704 0 0 0
4508702754 0 0 0
4508702804 72 140 22
4508702854 133 227 54
4508702904 183 365 66
4508702954 100 267 38
4508703004 164 335 70
4508703054 129 201 48
4508703104 66 150 14
4508703154 0 0 0
4508703204 99 203 38
4508703254 47 113 12
4508703304 171 328 76
4508703354 171 422 66
4508703404 98 217 40
4508703455 0 0 0
4508703505 0 0 0
4508703556 0 0 0
4508703606 0 0 0
4508703656 116 256 52
4508703706 189 392 72
4508703756 146 252 62
4508703806 191 343 72
4508703856 161 284 50
4508703907 44 84 17
4508703957 0 0 0
4508704007 0 0 0
4508704057 53 72 26
4508704107 116 203 54
4508704157 0 0 0
4508704207 0 0 0
4508704258 0 0 0
4508704309 0 0 0
4508704359 73 115 32
4508704409 144 294 58
4508704459 186 347 72
4508704509 167 320 56
4508704559 76 151 24
4508704609 141 238 46
4508704659 201 313 78
4508704709 188 344 76
4508704759 209 348 66
4508704809 197 407 70
4508704859 26 57 10
4508704909 0 0 0
4508704960 0 0 0
4508705010 0 0 0
4508705060 0 0 0
4508705110 0 0 0
4508705161 0 0 0
4508705212 0 0 0
4508705263 0 0 0
4508705314 0 0 0
4508705364 0 0 0
4508705414 0 0 0
4508705464 0 0 0
4508705515 0 0 0
4508705565 0 0 0
4508705616 0 0 0
4508705666 0 0 0
4508705716 0 0 0
4508705766 0 0 0
4508705816 0 0 0
4508705866 152 257 58
4508705916 129 206 60
4508705966 206 374 74
4508706016 189 340 64
4508706066 184 395 66
4508706116 203 435 72
4508706166 149 301 54
4508706216 205 390 70
4508706266 188 304 54
4508706316 209 367 66
4508706366 209 328 60
4508706416 228 380 76
4508706466 197 325 68
4508706516 207 294 76
4508706566 177 269 66
4508706616 190 288 62
4508706666 231 322 56
4508706716 208 325 58
4508706766 223 355 64
4508706816 246 371 68
4508706866 246 344 74
4508706916 208 234 66
4508706966 241 352 76
4508707016 216 297 60
4508707066 244 339 66
4508707116 239 301 54
4508707166 212 255 56
4508707216 221 237 64
4508707267 48 53 13
4508707318 0 0 0
4508707368 0 0 0
4508707419 0 0 0
4508707469 0 0 0
4508707520 0 0 0
4508707570 0 0 0
4508707620 0 0 0
4508707671 0 0 0
4508707721 0 0 0
4508707772 0 0 0
4508707822 0 0 0
4508707872 0 0 0
4508707922 0 0 0
4508707973 0 0 0
4508708023 0 0 0
4508708074 0 0 0
4508708125 0 0 0
4508708176 0 0 0
4508708226 0 0 0
4508708276 236 275 68
4508708326 230 214 66
4508708376 265 277 62
4508708426 249 277 54
4508708476 252 340 62
4508708526 150 214 66
4508708576 99 83 70
4508708626 244 251 62
4508708676 251 262 60
4508708726 196 190 48
4508708776 196 193 44
4508708826 208 271 56
4508708876 260 255 70
4508708926 213 186 62
4508708976 86 86 50
4508709026 250 270 74
4508709076 255 226 70
4508709126 250 243 56
4508709176 73 67 60
4508709226 218 215 58
4508709276 257 274 64
4508709326 146 160 48
4508709376 247 214 74
4508709426 128 125 54
4508709476 161 128 66
4508709526 168 155 68
4508709576 212 165 74
4508709626 148 126 58
4508709676 200 205 58
4508709726 157 142 60
4508709776 119 97 56
4508709826 153 108 36
4508709876 0 0 0
4508709926 0 0 0
4508709977 0 0 0
4508710027 0 0 0
4508710077 0 0 0
4508710127 0 0 0
4508710177 0 0 0
4508710228 0 0 0
4508710278 0 0 0
4508710328 0 0 0
4508710378 0 0 0
4508710429 0 0 0
4508710480 0 0 0
4508710531 0 0 0
4508710581 0 0 0
4508710631 0 0 0
4508710681 0 0 0
4508710731 0 0 0
4508710781 0 0 0
4508710831 86 72 36
4508710881 194 172 60
4508710931 156 135 50
4508710981 183 137 70
4508711031 171 130 66
4508711081 188 168 66
4508711131 203 170 62
4508711181 189 148 68
4508711231 211 203 68
4508711281 201 190 72
4508711331 120 101 52
4508711381 189 161 68
4508711431 178 145 64
4508711481 129 84 54
4508711531 196 149 48
4508711581 216 171 68
4508711632 120 80 50
4508711682 206 122 62
4508711732 124 86 62
4508711782 197 163 58
4508711832 111 88 36
4508711882 225 144 64
4508711932 102 67 28
4508711982 16 11 16
4508712032 212 158 54
4508712082 195 125 54
4508712132 219 148 58
4508712182 238 160 60
4508712232 156 116 52
4508712282 0 0 70
4508712332 176 127 66
4508712382 230 144 64
4508712432 232 132 64
4508712482 243 156 62
4508712532 223 155 68
4508712582 72 31 62
4508712632 193 93 60
4508712682 253 133 60
4508712732 152 128 54
4508712782 0 0 0
4508712832 0 0 0
4508712882 0 0 0
4508712933 0 0 0
4508712983 0 0 0
4508713033 0 0 0
4508713083 0 0 0
4508713133 0 0 0
4508713183 0 0 0
4508713233 0 0 0
4508713283 0 0 0
4508713333 0 0 0
4508713383 0 0 0
4508713433 0 0 0
4508713483 0 0 0
4508713534 0 0 0
4508713584 0 0 0
4508713634 0 0 0
4508713684 0 0 0
4508713734 69 79 20
4508713784 203 209 54
4508713834 240 196 66
4508713884 217 169 56
4508713934 190 140 52
4508713984 239 220 60
4508714034 178 150 52
4508714084 184 114 64
4508714134 236 208 68
4508714184 228 206 70
4508714235 36 21 41
4508714285 203 147 70
4508714335 179 128 68
4508714385 215 175 58
4508714435 237 175 66
4508714485 216 144 50
4508714536 30 19 50
4508714586 201 154 62
4508714636 250 242 64
4508714686 165 133 58
4508714736 218 137 70
4508714786 199 178 52
4508714836 183 146 52
4508714886 150 136 48
4508714937 193 145 52
4508714987 167 108 62
4508715037 193 167 62
4508715087 196 150 64
4508715137 63 36 44
4508715187 31 21 54
4508715239 200 140 65
4508715289 187 151 68
4508715339 179 129 74
4508715389 169 90 52
4508715439 190 117 58
4508715489 147 96 48
4508715539 185 140 70
4508715589 21 13 16
4508715639 201 186 62
4508715689 4 0 0
4508715740 207 146 62
4508715790 122 80 48
4508715840 0 0 0
4508715890 0 0 0
4508715940 0 0 0
4508715990 0 0 0
4508716040 0 0 0
4508716091 0 0 0
4508716141 0 0 0
4508716192 0 0 0
4508716242 0 0 0
4508716293 0 0 0
4508716343 0 0 0
4508716393 0 0 0
4508716443 0 0 0
4508716493 0 0 0
4508716543 0 0 0
4508716593 0 0 0
4508716643 0 0 0
4508716693 0 0 0
4508716743 0 0 0
4508716793 50 33 24
4508716843 156 116 68
4508716893 200 141 78
4508716943 179 128 62
4508716993 188 116 76
4508717043 185 145 68
4508717093 206 143 66
4508717143 184 133 74
4508717193 146 115 52
4508717243 192 152 76
4508717293 176 128 60
4508717343 189 107 60
4508717393 179 95 70
4508717443 183 104 68
4508717493 174 96 72
4508717543 188 110 72
4508717593 206 100 64
4508717643 171 114 68
4508717693 214 127 66
4508717744 166 102 60
4508717794 175 109 62
4508717844 199 110 64
4508717894 192 127 74
4508717944 39 22 52
4508717995 197 102 70
4508718045 165 104 60
4508718095 205 92 66
4508718145 208 118 68
4508718195 124 65 60
4508718245 123 64 66
4508718295 194 89 64
4508718345 192 119 74
4508718395 147 85 46
4508718445 180 109 60
4508718495 171 86 54
4508718545 206 118 74
4508718595 151 89 60
4508718645 37 31 54
4508718695 0 0 66
4508718745 179 100 68
4508718795 203 93 68
4508718845 206 119 66
4508718895 205 110 74
4508718945 200 100 68
4508718995 194 105 70
4508719045 0 0 0
4508719095 0 0 0
4508719145 0 0 0
4508719195 0 0 0
4508719245 0 0 0
4508719295 0 0 0
4508719345 0 0 0
4508719395 0 0 0
4508719445 0 0 0
4508719495 0 0 0
4508719545 0 0 0
4508719595 0 0 0
4508719645 0 0 0
4508719695 0 0 0
4508719745 0 0 0
4508719795 0 0 0
4508719845 0 0 0
4508719895 0 0 0
4508719946 0 0 0
4508719996 8 0 8
4508720046 164 134 58
4508720096 185 131 64
4508720146 209 152 68
4508720196 207 140 72
4508720246 196 140 68
4508720296 239 168 62
4508720346 213 149 74
4508720396 200 145 70
4508720446 149 129 48
4508720496 208 138 76
4508720546 148 82 74
4508720596 206 117 74
4508720646 225 125 74
4508720696 233 160 70
4508720746 215 132 64
4508720796 214 145 62
4508720846 27 17 62
4508720896 182 113 66
4508720946 209 127 72
4508720996 215 123 76
4508721046 227 125 60
4508721096 223 133 76
4508721146 85 64 32
4508721196 175 110 62
4508721246 190 122 56
4508721296 208 154 74
4508721346 210 146 64
4508721396 232 163 62
4508721446 37 25 70
4508721496 124 95 62
4508721546 122 84 44
4508721596 176 95 64
4508721646 201 135 72
4508721696 188 98 76
4508721746 213 119 74
4508721796 201 122 72
4508721846 192 145 64
4508721896 78 48 60
4508721946 111 56 60
4508721996 151 89 62
4508722046 196 133 64
4508722096 185 86 62
4508722146 197 111 76
4508722196 142 78 52
4508722247 0 0 0
4508722297 0 0 0
4508722348 0 0 0
4508722398 0 0 0
4508722449 0 0 0
4508722499 0 0 0
4508722549 0 0 0
4508722599 0 0 0
4508722650 0 0 0
4508722700 0 0 0
4508722750 0 0 0
4508722800 0 0 0
4508722851 0 0 0
4508722902 0 0 0
4508722952 0 0 0
4508723003 0 0 0
4508723053 0 0 0
4508723104 0 0 0
4508723155 0 0 0
4508723205 65 27 26
4508723255 192 112 70
4508723305 187 100 72
4508723355 186 102 68
4508723405 188 113 64
4508723455 201 117 70
4508723505 176 100 60
4508723555 201 106 68
4508723605 213 116 76
4508723655 208 112 74
4508723705 160 88 66
4508723755 180 87 68
4508723806 180 87 78
4508723856 171 103 62
4508723906 173 99 74
4508723956 193 114 76
4508724006 164 108 46
4508724056 204 97 68
4508724107 206 101 68
4508724157 187 119 66
4508724207 83 26 48
4508724257 188 96 70
4508724308 171 81 62
4508724358 202 96 72
4508724408 217 123 68
4508724458 173 88 64
4508724508 91 63 40
4508724558 100 57 50
4508724608 69 29 46
4508724658 192 86 62
4508724708 202 106 68
4508724758 193 87 72
4508724808 198 95 68
4508724858 210 126 74
4508724908 179 80 66
4508724958 201 92 70
4508725008 200 109 70
4508725058 104 59 54
4508725108 72 28 68
4508725158 176 109 64
4508725208 207 97 68
4508725258 209 99 78
4508725308 196 113 70
4508725358 101 53 42
4508725408 80 37 74
4508725458 216 86 76
4508725508 207 86 72
4508725559 0 0 0
4508725611 0 0 0
4508725662 0 0 0
4508725712 0 0 0
4508725762 0 0 0
4508725813 0 0 0
4508725864 0 0 0
4508725914 0 0 0
4508725965 0 0 0
4508726015 0 0 0
4508726065 0 0 0
4508726116 0 0 0
4508726167 0 0 0
4508726217 0 0 0
4508726267 0 0 0
4508726317 0 0 0
4508726367 0 0 0
4508726417 0 0 0
4508726467 0 0 0
4508726517 11 4 16
4508726567 35 22 64
4508726617 43 18 74
4508726668 41 22 66
4508726719 38 26 60
read 1044 profiled data
