4509307118 0 16881 84
4509307168 0 18697 96
4509307219 0 6284 31
4509307269 0 0 0
4509307320 0 0 0
4509307370 0 0 0
4509307421 0 0 0
4509307471 0 0 0
4509307521 0 0 0
4509307571 0 0 0
4509307622 0 0 0
4509307672 0 0 0
4509307723 0 0 0
4509307773 0 0 0
4509307824 0 0 0
4509307874 0 0 0
4509307925 0 0 0
4509307975 0 0 0
4509308025 0 0 0
4509308075 0 0 0
4509308126 0 0 0
4509308176 0 0 0
4509308226 0 15699 92
4509308276 0 12116 66
4509308326 0 0 0
4509308376 0 0 0
4509308427 0 0 0
4509308477 0 0 0
4509308527 0 0 0
4509308577 0 0 0
4509308628 0 0 0
4509308678 0 0 0
4509308729 0 0 0
4509308779 0 0 0
4509308829 0 0 0
4509308879 0 0 0
4509308930 0 0 0
4509308980 0 0 0
4509309031 0 0 0
4509309081 0 0 0
4509309132 0 0 0
4509309182 0 0 0
4509309233 0 0 0
4509309283 0 10694 66
4509309334 0 8191 47
4509309384 0 0 0
4509309435 0 0 0
4509309485 0 0 0
4509309535 0 0 0
4509309585 0 0 0
4509309635 0 0 0
4509309685 0 0 0
4509309735 0 0 0
4509309785 0 0 0
4509309835 0 0 0
4509309885 0 0 0
4509309935 0 0 0
4509309985 0 0 0
4509310035 0 0 0
4509310086 0 0 0
4509310136 0 0 0
4509310187 0 0 0
4509310237 0 0 0
4509310287 0 2574 14
4509310337 0 8781 58
4509310387 0 1515 10
4509310437 0 0 0
4509310487 0 0 0
4509310537 0 0 0
4509310588 0 0 0
4509310638 0 0 0
4509310689 0 0 0
4509310739 0 0 0
4509310790 0 0 0
4509310840 0 0 0
4509310890 0 0 0
4509310940 0 0 0
4509310990 0 0 0
4509311041 0 0 0
4509311091 0 0 0
4509311141 0 0 0
4509311192 0 0 0
4509311242 0 0 0
4509311293 0 1739 13
4509311343 0 1308 10
4509311394 0 5648 43
4509311444 0 0 0
4509311495 0 0 0
4509311545 0 0 0
4509311595 0 0 0
4509311645 0 0 0
4509311696 0 0 0
4509311746 0 0 0
4509311797 0 0 0
4509311848 0 0 0
4509311898 0 0 0
4509311949 0 0 0
4509311999 0 0 0
4509312049 0 0 0
4509312099 0 0 0
4509312149 0 0 0
4509312200 0 0 0
4509312251 0 0 0
4509312301 0 1196 8
4509312352 0 0 0
4509312403 0 4784 33
4509312454 0 0 0
4509312506 0 0 0
4509312556 0 0 0
4509312607 0 0 0
4509312657 0 0 0
4509312708 0 0 0
4509312758 0 0 0
4509312808 0 0 0
4509312858 0 0 0
4509312909 0 0 0
4509312959 0 0 0
4509313009 0 0 0
4509313059 0 0 0
4509313109 0 0 0
4509313159 0 0 0
4509313209 0 0 0
4509313260 0 0 0
4509313311 0 778 5
4509313361 0 778 6
4509313411 0 2334 18
4509313461 0 0 0
4509313512 0 0 0
4509313562 0 0 0
4509313613 0 0 0
4509313663 0 0 0
4509313713 0 0 0
4509313763 0 0 0
4509313814 0 0 0
4509313864 0 0 0
4509313915 0 0 0
4509313966 0 0 0
4509314016 0 0 0
4509314066 0 0 0
4509314117 0 0 0
4509314167 0 0 0
4509314218 0 0 0
4509314268 0 0 0
4509314318 0 539 6
4509314368 0 539 4
4509314418 0 1617 14
4509314468 0 0 0
4509314518 0 0 0
4509314569 0 0 0
4509314619 0 0 0
4509314670 0 0 0
4509314720 0 0 0
4509314771 0 0 0
4509314821 0 0 0
4509314871 0 0 0
4509314921 0 0 0
4509314972 0 0 0
4509315023 0 0 0
4509315074 0 0 0
4509315124 0 0 0
4509315175 0 0 0
4509315225 0 0 0
4509315276 0 0 0
4509315327 0 332 3
4509315377 0 332 2
4509315428 0 996 11
4509315478 0 0 0
4509315528 0 0 0
4509315578 0 0 0
4509315629 0 0 0
4509315679 0 0 0
4509315729 0 0 0
4509315780 0 0 0
4509315831 0 0 0
4509315881 0 0 0
4509315931 0 0 0
4509315982 0 0 0
4509316032 0 0 0
4509316082 0 0 0
4509316133 0 0 0
4509316183 0 0 0
4509316233 0 0 0
4509316283 0 233 2
4509316333 0 0 0
4509316383 0 233 4
4509316433 0 699 10
4509316484 0 0 0
4509316534 0 0 0
4509316584 0 0 0
4509316634 0 0 0
4509316684 0 0 0
4509316735 0 0 0
4509316785 0 0 0
4509316835 0 0 0
4509316886 0 0 0
4509316937 0 0 0
4509316987 0 0 0
4509317038 0 0 0
4509317088 0 0 0
4509317139 0 0 0
4509317189 0 0 0
4509317239 0 0 0
4509317289 0 169 4
4509317340 0 0 0
4509317390 0 169 4
4509317440 0 507 12
4509317491 0 0 0
4509317541 0 0 0
4509317592 0 0 0
4509317642 0 0 0
4509317693 0 0 0
4509317744 0 0 0
4509317795 0 0 0
4509317845 0 0 0
4509317896 0 0 0
4509317946 0 0 0
4509317996 0 0 0
4509318047 0 0 0
4509318097 0 0 0
4509318148 0 0 0
4509318199 0 0 0
4509318249 0 0 0
4509318299 0 103 4
4509318349 0 0 0
4509318399 0 103 0
4509318449 0 309 8
4509318499 0 0 0
4509318550 0 0 0
4509318601 0 0 0
4509318651 0 0 0
4509318702 0 0 0
4509318752 0 0 0
4509318802 0 0 0
4509318853 0 0 0
4509318903 0 0 0
4509318953 0 0 0
4509319003 0 0 0
4509319054 0 0 0
4509319104 0 0 0
4509319154 0 0 0
4509319204 0 0 0
4509319255 0 0 0
4509319305 0 66 2
4509319355 0 0 0
4509319405 0 132 4
4509319456 0 132 1
4509319506 0 0 0
4509319557 0 0 0
4509319607 0 0 0
4509319658 0 0 0
4509319708 0 0 0
4509319758 0 0 0
4509319808 0 0 0
4509319858 0 0 0
4509319909 0 0 0
4509319959 0 0 0
4509320009 0 0 0
4509320059 0 0 0
4509320110 0 0 0
4509320161 0 0 0
4509320211 0 0 0
4509320262 0 0 0
4509320312 0 54 0
4509320362 0 0 0
4509320412 0 108 4
4509320463 0 108 5
4509320513 0 0 0
4509320563 0 0 0
4509320613 0 0 0
4509320664 0 0 0
4509320715 0 0 0
4509320765 0 0 0
4509320816 0 0 0
4509320866 0 0 0
4509320916 0 0 0
4509320967 0 0 0
4509321017 0 0 0
4509321067 0 0 0
4509321118 0 0 0
4509321168 0 0 0
4509321218 0 0 0
4509321268 0 0 0
4509321319 0 41 1
4509321370 0 0 0
4509321420 0 164 6
4509321471 0 0 0
4509321521 0 0 0
4509321571 0 0 0
4509321622 0 0 0
4509321673 0 0 0
4509321723 0 0 0
4509321774 0 0 0
4509321824 0 0 0
4509321875 0 0 0
4509321925 0 0 0
4509321975 0 0 0
4509322026 0 0 0
4509322077 0 0 0
4509322127 0 0 0
4509322178 0 0 0
4509322228 0 0 0
4509322279 0 0 0
4509322329 0 28 2
4509322379 0 0 0
4509322429 0 112 8
4509322479 0 0 0
4509322529 0 0 0
4509322579 0 0 0
4509322629 0 0 0
4509322680 0 0 0
4509322730 0 0 0
4509322781 0 0 0
4509322831 0 0 0
4509322881 0 0 0
4509322931 0 0 0
4509322982 0 0 0
4509323032 0 0 0
4509323083 0 0 0
4509323133 0 0 0
4509323183 0 0 0
4509323233 0 0 0
4509323283 0 0 0
4509323333 0 20 2
4509323384 0 0 0
4509323434 0 80 6
4509323484 0 0 0
4509323534 0 0 0
4509323585 0 0 0
4509323635 0 0 0
4509323685 0 0 0
4509323735 0 0 0
4509323785 0 0 0
4509323835 0 0 0
4509323885 0 0 0
4509323935 0 0 0
4509323985 0 0 0
4509324035 0 0 0
4509324085 0 0 0
4509324135 0 0 0
4509324185 0 0 0
4509324235 0 0 0
4509324285 0 0 0
4509324335 0 13 2
4509324387 0 13 1
4509324437 0 39 4
4509324487 0 0 0
4509324537 0 0 0
4509324587 0 0 0
4509324637 0 0 0
4509324687 0 0 0
4509324737 0 0 0
4509324787 0 0 0
4509324837 0 0 0
4509324887 0 0 0
4509324937 0 0 0
4509324987 0 0 0
4509325037 0 0 0
4509325087 0 0 0
4509325137 0 0 0
4509325187 0 0 0
4509325237 0 0 0
4509325288 0 0 0
4509325338 0 6 2
4509325389 0 6 1
4509325440 0 18 7
4509325491 0 0 0
4509325541 0 0 0
4509325592 0 0 0
4509325642 0 0 0
4509325693 0 0 0
4509325744 0 0 0
4509325794 0 0 0
4509325845 0 0 0
4509325895 0 0 0
4509325945 0 0 0
4509325995 0 0 0
4509326046 0 0 0
4509326096 0 0 0
4509326147 0 0 0
4509326198 0 0 0
4509326249 0 0 0
4509326299 0 0 0
4509326350 0 2 1
4509326400 0 2 0
4509326450 0 6 4
4509326501 0 0 0
4509326552 0 0 0
4509326602 0 0 0
4509326653 0 0 0
4509326703 0 0 0
4509326754 0 0 0
4509326804 0 0 0
4509326854 0 0 0
4509326904 0 0 0
4509326955 0 0 0
4509327005 0 0 0
4509327056 0 0 0
4509327106 0 0 0
4509327157 0 0 0
4509327207 0 0 0
4509327257 0 0 0
4509327307 0 1 8
4509327358 0 0 0
4509327408 0 0 0
read 404 profiled data
