4509400689 0 14993 60
4509400739 0 24602 86
4509400789 0 24864 92
4509400839 0 24817 94
4509400889 0 2824 10
4509400939 0 0 0
4509400989 0 0 0
4509401040 0 0 0
4509401091 0 0 0
4509401141 0 0 0
4509401192 0 0 0
4509401243 0 0 0
4509401294 0 0 0
4509401344 0 0 0
4509401394 0 0 0
4509401444 0 0 0
4509401494 0 0 0
4509401544 0 0 0
4509401594 0 0 0
4509401644 0 0 0
4509401694 0 0 0
4509401744 0 0 0
4509401794 0 0 0
4509401844 0 3270 16
4509401894 0 21650 84
4509401944 0 19795 96
4509401994 0 16119 98
4509402044 0 359 2
4509402094 0 0 0
4509402144 0 0 0
4509402194 0 0 0
4509402244 0 0 0
4509402294 0 0 0
4509402344 0 0 0
4509402394 0 0 0
4509402444 0 0 0
4509402494 0 0 0
4509402544 0 0 0
4509402594 0 0 0
4509402644 0 0 0
4509402694 0 0 0
4509402744 0 0 0
4509402794 0 0 0
4509402844 0 0 0
4509402894 0 0 0
4509402944 0 0 0
4509402995 0 5276 33
4509403045 0 13173 94
4509403095 0 13811 90
4509403145 1 4026 38
4509403195 6 4363 50
4509403245 17 935 20
4509403295 0 0 0
4509403346 0 0 0
4509403396 0 0 0
4509403447 0 0 0
4509403497 0 0 0
4509403547 0 0 0
4509403598 0 0 0
4509403648 0 0 0
4509403699 0 0 0
4509403749 0 0 0
4509403800 0 0 0
4509403850 0 0 0
4509403900 0 0 0
4509403951 0 0 0
4509404001 0 2044 24
4509404051 0 530 18
4509404102 0 0 0
4509404152 10 438 10
4509404202 24 3681 86
4509404254 9 2607 42
4509404313 8 411 16
4509404363 25 1757 46
4509404413 34 2137 30
4509404463 0 0 24
4509404516 0 0 28
4509404566 78 2281 76
4509404616 64 2219 66
4509404666 82 822 76
4509404718 36 411 28
4509404768 60 523 70
4509404818 57 396 40
4509404868 99 1150 78
4509404918 63 776 54
4509404968 5 0 18
4509405018 0 0 30
4509405068 48 249 68
4509405118 85 394 80
4509405168 86 483 62
4509405220 53 543 40
4509405270 0 0 36
4509405320 0 0 38
4509405370 4 20 54
4509405420 77 378 72
4509405470 93 554 78
4509405520 95 720 76
4509405570 9 2 16
4509405620 12 120 18
4509405670 83 363 74
4509405720 91 647 60
4509405770 100 492 78
4509405820 41 202 28
4509405893 0 0 19
4509405943 75 230 70
4509405993 92 353 80
4509406043 112 563 72
4509406093 98 490 74
4509406143 77 338 64
4509406193 81 313 80
4509406243 80 455 68
4509406293 1 0 20
4509406343 0 0 46
4509406393 0 0 50
4509406443 0 0 40
4509406493 0 0 34
4509406543 0 0 36
4509406593 0 0 42
4509406643 19 112 46
4509406693 102 559 72
4509406743 93 340 76
4509406793 90 455 78
4509406843 103 482 76
4509406893 46 181 36
4509406943 0 0 44
4509406993 0 0 42
4509407043 0 0 38
4509407093 0 0 42
4509407143 30 158 48
4509407193 20 131 20
4509407243 103 488 80
4509407293 103 568 76
4509407343 95 606 74
4509407393 120 574 78
4509407443 117 818 78
4509407493 92 585 58
4509407543 10 5 26
4509407593 0 0 40
4509407643 0 0 40
4509407693 0 0 46
4509407743 0 0 40
4509407793 0 0 38
4509407843 0 0 42
4509407893 0 0 36
4509407943 0 0 38
4509407993 1 7 52
4509408043 81 408 78
4509408093 70 305 58
4509408143 105 568 76
4509408193 99 604 74
4509408243 88 523 62
4509408293 82 286 74
4509408343 81 377 74
4509408393 91 385 78
4509408443 71 284 50
4509408493 2 10 8
4509408543 73 243 68
4509408593 80 215 70
4509408643 84 234 80
4509408693 103 470 78
4509408743 96 682 74
4509408793 73 509 60
4509408843 99 258 74
4509408894 78 216 56
4509408944 7 2 26
4509408994 0 0 42
4509409044 18 99 48
4509409094 87 251 80
4509409144 86 288 80
4509409194 66 238 42
4509409244 43 147 22
4509409294 97 447 66
4509409344 100 508 74
4509409394 115 406 78
4509409444 46 204 18
4509409494 110 426 60
4509409544 95 331 74
4509409594 121 516 72
4509409644 90 321 36
4509409694 120 432 78
4509409744 102 258 78
4509409794 83 213 40
4509409844 143 535 58
4509409894 85 199 74
4509409944 93 228 74
4509409994 100 261 64
4509410044 78 234 30
4509410094 103 213 78
4509410144 105 257 74
4509410194 128 414 76
4509410244 113 393 76
4509410294 68 161 46
4509410344 112 412 38
4509410394 115 492 76
4509410444 109 351 74
4509410494 88 245 66
4509410544 63 236 30
4509410594 133 381 78
4509410644 97 333 66
4509410694 86 305 32
4509410744 116 399 74
4509410794 125 460 72
4509410844 81 241 32
4509410894 68 206 34
4509410944 92 281 64
4509410994 114 309 78
4509411044 105 275 78
4509411094 123 304 78
4509411144 113 342 72
4509411194 105 239 74
4509411244 99 313 74
4509411294 102 385 76
4509411344 99 227 68
4509411394 120 471 78
4509411447 77 163 50
4509411497 129 397 60
4509411547 34 67 24
4509411597 137 455 76
4509411647 115 364 76
4509411697 112 276 76
4509411747 80 229 54
4509411797 104 273 68
4509411847 136 643 78
4509411897 98 236 68
4509411947 76 237 28
4509411997 124 493 82
4509412047 100 304 64
4509412097 51 128 40
4509412147 112 191 56
4509412197 99 204 78
4509412247 85 170 58
4509412297 118 203 46
4509412347 113 368 78
4509412397 46 52 32
4509412447 78 161 68
4509412497 122 202 68
4509412547 139 297 76
4509412597 143 294 74
4509412647 124 308 80
4509412697 102 349 78
4509412747 71 275 46
4509412797 134 403 76
4509412849 92 237 34
4509412899 176 361 76
4509412949 136 318 72
4509412999 118 215 76
4509413049 110 221 76
4509413099 132 279 80
4509413150 67 172 39
4509413200 157 327 66
4509413251 99 176 76
4509413301 109 214 66
4509413351 141 200 78
4509413401 99 213 52
4509413451 127 360 78
4509413501 97 176 64
4509413551 121 236 32
4509413601 137 380 82
4509413651 32 65 10
4509413701 154 367 72
4509413753 116 263 71
4509413803 107 146 78
4509413855 116 249 73
4509413905 128 322 78
4509413955 126 310 80
4509414005 172 427 72
4509414055 94 195 38
4509414105 161 337 78
4509414155 158 331 76
4509414205 119 254 40
4509414255 167 347 82
4509414305 148 340 70
4509414355 163 325 78
4509414405 130 282 64
4509414455 132 271 70
4509414505 132 279 68
4509414555 22 45 10
4509414605 87 145 46
4509414655 144 291 78
4509414705 129 205 80
4509414755 145 353 78
4509414805 144 370 82
4509414855 110 299 56
4509414905 179 286 84
4509414955 62 87 32
4509415005 165 285 82
4509415055 159 266 72
4509415106 144 234 56
4509415156 69 141 36
4509415206 159 508 82
4509415256 64 292 34
4509415306 150 276 74
4509415357 131 248 72
4509415407 176 272 82
4509415457 156 257 78
4509415507 147 246 74
4509415557 97 161 40
4509415607 49 80 32
4509415657 149 260 80
4509415707 152 276 74
4509415757 141 211 80
4509415807 136 226 74
4509415857 155 304 80
4509415907 148 264 78
4509415962 108 171 41
4509416012 119 188 56
4509416062 155 230 76
4509416112 147 245 66
4509416162 69 103 18
4509416212 169 291 78
4509416262 121 264 64
4509416312 138 209 74
4509416362 142 203 72
4509416412 153 239 76
4509416462 142 211 82
4509416512 128 173 72
4509416562 147 252 82
4509416612 155 271 76
4509416667 136 228 52
4509416717 137 178 44
4509416767 174 286 74
4509416817 135 199 68
4509416867 169 245 82
4509416917 144 184 64
4509416967 71 121 38
4509417017 123 162 50
4509417067 149 161 68
4509417117 156 243 74
4509417167 146 232 80
4509417217 170 310 76
4509417267 184 326 76
4509417317 147 270 80
4509417367 102 185 36
4509417417 168 274 78
4509417467 175 527 66
4509417517 172 256 76
4509417567 148 272 66
4509417617 95 162 38
4509417667 162 266 84
4509417717 159 295 76
4509417767 153 258 74
4509417821 155 222 70
4509417871 176 281 80
4509417921 184 278 84
4509417971 160 223 82
4509418021 97 184 42
4509418071 205 294 80
4509418121 161 224 76
4509418171 145 207 70
4509418221 66 93 28
4509418271 182 262 80
4509418321 176 264 76
4509418371 189 303 78
4509418423 113 144 50
4509418473 197 333 68
4509418523 161 264 60
4509418573 198 320 80
4509418623 133 205 58
4509418673 198 343 84
4509418723 190 317 72
4509418773 145 240 66
4509418823 192 320 78
4509418873 97 165 34
4509418923 202 355 78
4509418975 136 276 51
4509419025 195 268 76
4509419075 198 351 78
4509419125 198 324 80
4509419179 106 107 38
4509419229 185 307 66
4509419279 158 205 76
4509419329 172 298 62
4509419379 154 201 70
4509419429 221 307 82
4509419479 212 345 84
4509419529 91 138 38
4509419579 234 326 78
4509419629 187 234 82
4509419679 188 217 82
4509419729 174 222 76
4509419779 151 214 58
4509419829 135 144 56
4509419879 72 119 32
4509419929 201 236 84
4509419979 169 275 66
4509420029 192 291 80
4509420079 187 262 74
4509420129 186 259 74
4509420179 134 191 58
4509420229 129 183 54
4509420279 53 70 24
4509420329 131 184 70
4509420379 160 270 74
4509420429 172 226 56
4509420480 170 190 64
4509420530 99 143 44
4509420580 199 240 74
4509420630 171 210 72
4509420681 105 137 35
4509420731 150 246 74
4509420781 199 361 80
4509420831 223 308 82
4509420881 79 98 40
4509420931 171 214 68
4509420981 180 256 62
4509421031 117 175 54
4509421081 196 287 82
4509421131 198 253 82
4509421181 192 259 64
4509421231 214 307 84
4509421281 89 91 40
4509421331 206 251 80
4509421381 178 181 80
4509421431 173 195 70
4509421481 197 248 70
4509421531 95 120 52
4509421583 120 154 46
4509421633 159 207 68
4509421683 220 305 84
4509421733 187 219 76
4509421783 194 228 70
4509421833 141 146 68
4509421883 157 176 78
4509421933 150 162 52
4509421983 183 203 82
4509422033 174 202 74
4509422083 113 140 42
4509422133 230 254 80
4509422183 176 194 82
4509422233 128 151 56
4509422283 204 200 80
4509422333 130 133 42
4509422383 161 194 82
4509422433 165 239 74
4509422483 199 232 72
4509422533 181 199 70
4509422583 149 132 56
4509422633 142 218 54
4509422683 209 209 80
4509422733 105 153 40
4509422783 191 158 80
4509422833 163 172 78
4509422883 157 145 66
4509422933 193 177 80
4509422983 193 165 78
4509423033 162 148 66
4509423083 151 165 52
4509423133 199 212 84
4509423183 175 217 80
4509423233 93 84 38
4509423283 169 169 78
4509423333 164 186 64
4509423383 177 204 78
4509423433 185 205 76
4509423483 178 192 74
4509423533 198 219 78
4509423583 75 61 18
4509423633 196 186 82
4509423683 177 165 68
4509423733 165 135 68
4509423783 203 236 84
4509423833 194 192 82
4509423883 59 70 22
4509423933 184 167 66
4509423983 193 197 72
4509424033 91 96 42
4509424083 209 186 82
4509424133 196 173 80
4509424183 177 193 80
4509424233 192 170 76
4509424283 174 183 80
4509424333 185 211 76
4509424383 94 68 38
4509424433 200 206 76
4509424483 118 134 50
4509424533 205 255 66
4509424583 206 212 82
4509424633 201 230 72
4509424683 56 41 10
4509424733 210 176 84
4509424784 230 206 80
4509424834 173 212 76
4509424884 218 197 82
4509424934 182 205 76
4509424984 154 158 58
4509425034 137 153 52
4509425084 197 223 80
4509425134 192 208 74
4509425184 192 284 66
4509425234 194 187 82
4509425284 141 137 56
4509425334 100 82 28
4509425384 198 149 76
4509425434 184 167 60
4509425484 202 202 84
4509425534 175 187 70
4509425584 208 172 80
4509425634 145 168 72
4509425684 153 162 80
4509425734 162 168 70
4509425784 80 131 44
4509425834 171 149 80
4509425884 141 115 70
4509425934 173 221 64
4509425984 121 143 54
4509426034 117 126 54
4509426084 172 171 70
4509426134 111 129 46
4509426184 198 260 80
4509426234 137 141 60
4509426284 146 174 60
4509426334 105 122 52
4509426384 129 147 50
4509426434 167 131 62
4509426484 115 124 48
4509426534 77 83 46
4509426585 195 151 68
4509426636 119 149 41
4509426686 140 143 74
4509426736 198 199 78
4509426786 150 149 54
4509426836 105 111 46
4509426886 185 169 76
4509426936 167 172 62
4509426986 108 109 44
4509427038 127 118 50
4509427088 203 226 78
4509427138 202 198 80
4509427188 160 182 70
4509427238 115 115 56
4509427288 176 152 64
4509427339 175 162 66
4509427389 129 129 56
4509427439 180 164 84
4509427489 195 185 68
4509427539 179 192 74
4509427589 144 137 46
4509427639 189 207 76
4509427689 178 183 78
4509427739 141 142 58
4509427789 173 175 70
4509427839 172 154 48
4509427889 203 174 80
4509427944 111 128 36
4509427994 189 183 62
4509428044 200 221 80
4509428094 146 155 66
4509428144 157 140 68
4509428194 190 157 78
4509428244 181 135 78
4509428294 94 105 56
4509428344 95 95 46
4509428394 192 167 66
4509428444 197 194 80
4509428494 178 181 62
4509428544 76 85 36
4509428594 128 162 54
4509428644 216 253 80
4509428694 190 185 70
4509428744 163 158 70
4509428794 119 148 66
4509428844 92 87 40
4509428894 176 162 72
4509428944 91 73 38
4509428994 194 175 82
4509429044 178 154 76
4509429094 158 221 74
4509429144 205 170 72
4509429194 201 173 82
4509429244 171 187 80
4509429294 77 73 32
4509429344 226 180 70
4509429394 169 144 78
4509429444 160 156 78
4509429494 123 107 36
4509429544 178 139 72
4509429594 155 193 74
4509429644 96 77 44
4509429694 193 159 80
4509429744 191 194 78
4509429794 217 194 76
4509429844 198 176 82
4509429894 19 13 2
4509429944 209 166 80
4509429994 206 198 82
4509430044 208 177 82
4509430094 200 165 84
4509430144 200 182 76
4509430194 188 194 70
4509430244 149 116 66
4509430294 193 186 70
4509430344 99 114 34
4509430394 173 153 52
4509430444 68 69 28
4509430494 82 71 34
4509430544 190 209 76
4509430594 146 133 60
4509430644 78 61 40
4509430694 204 166 78
4509430744 174 162 72
4509430794 164 197 70
4509430844 202 224 84
4509430894 137 155 58
4509430944 45 63 24
4509430994 161 203 76
4509431044 159 135 78
4509431094 204 185 84
4509431144 147 129 52
4509431194 15 23 16
4509431244 147 130 82
4509431294 210 187 76
4509431344 190 194 78
4509431394 139 156 58
4509431444 90 76 44
4509431494 232 217 82
4509431544 203 181 80
4509431594 158 150 66
4509431644 208 171 76
4509431694 114 116 50
4509431744 176 165 64
4509431794 76 59 26
4509431844 106 58 46
4509431894 114 95 54
4509431944 119 95 56
4509431994 119 99 56
4509432044 217 258 64
4509432094 170 154 60
4509432144 50 38 28
4509432194 175 150 72
4509432244 200 180 82
4509432294 213 209 80
4509432344 110 100 56
4509432394 189 115 78
4509432444 51 44 30
4509432494 74 59 38
4509432544 165 142 68
4509432594 188 144 74
4509432644 204 153 82
4509432694 103 73 38
4509432744 0 0 0
4509432794 154 108 60
4509432844 201 173 84
4509432894 167 103 74
4509432944 204 160 74
4509432994 62 37 32
4509433044 195 143 70
4509433094 186 144 78
4509433144 182 168 80
4509433194 159 145 70
4509433244 60 56 42
4509433295 176 164 64
4509433345 166 122 74
4509433395 146 114 72
4509433445 5 0 2
4509433495 113 97 56
4509433545 163 133 76
4509433595 136 120 54
4509433648 2 1 0
4509433698 154 124 72
4509433748 212 152 84
4509433798 156 152 60
4509433848 189 166 80
4509433898 213 162 84
4509433948 154 95 54
4509433998 115 89 64
4509434048 188 119 80
4509434098 156 100 74
4509434148 225 193 80
4509434198 123 129 50
4509434248 155 138 60
4509434298 169 143 64
4509434348 197 174 80
4509434398 164 117 62
4509434451 9 5 9
4509434501 187 176 80
4509434551 174 101 76
4509434601 160 116 80
4509434651 138 135 66
4509434701 165 132 78
4509434751 160 119 70
4509434801 165 125 64
4509434851 150 143 58
4509434901 184 119 74
4509434951 158 119 62
4509435005 107 89 29
4509435055 141 127 74
4509435105 193 134 82
4509435155 178 174 72
4509435205 146 132 54
4509435255 160 160 72
4509435305 165 182 78
4509435355 218 179 84
4509435405 186 125 62
4509435455 98 71 54
4509435505 141 126 60
4509435555 172 141 64
4509435605 59 54 24
4509435655 27 17 14
4509435705 0 0 0
4509435755 52 40 16
4509435805 107 74 42
4509435855 138 77 50
4509435906 42 22 3
4509435957 0 0 0
4509436007 73 50 22
4509436057 137 90 36
4509436107 104 75 40
4509436157 42 38 18
4509436207 63 46 28
4509436258 0 0 0
4509436309 0 0 0
4509436359 0 0 0
4509436410 0 0 0
4509436460 0 0 0
4509436511 0 0 0
4509436562 0 0 0
4509436612 0 0 0
4509436662 0 0 0
4509436712 0 0 0
4509436762 112 83 48
4509436812 204 145 80
4509436862 202 141 76
4509436912 122 91 42
4509436962 185 164 70
4509437012 182 164 72
4509437062 114 94 50
4509437112 187 154 66
4509437162 166 151 64
4509437212 127 125 48
4509437262 202 173 68
4509437312 204 181 72
4509437362 163 103 58
4509437412 186 111 76
4509437462 224 141 82
4509437512 68 63 38
4509437562 0 0 36
4509437612 55 40 60
4509437662 178 144 82
4509437712 174 158 70
4509437762 189 140 80
4509437816 110 74 40
4509437866 125 95 66
4509437916 218 142 82
4509437966 185 122 76
4509438016 169 143 66
4509438066 196 133 76
4509438116 203 148 78
4509438166 204 175 78
4509438216 20 18 20
4509438266 58 36 62
4509438316 221 169 80
4509438366 165 144 66
4509438416 201 137 82
4509438466 139 88 44
4509438516 143 93 68
4509438566 177 165 80
4509438616 185 146 72
4509438666 172 148 74
4509438716 150 124 58
4509438766 0 0 32
4509438816 78 68 44
4509438866 207 123 84
4509438916 227 193 74
4509438966 219 135 82
4509439016 150 111 56
4509439066 230 185 84
4509439116 219 123 82
4509439166 217 154 80
4509439216 184 122 66
4509439266 168 119 68
4509439316 116 83 56
4509439366 219 161 80
4509439416 214 225 82
4509439466 165 126 64
4509439516 81 64 38
4509439566 232 205 84
4509439616 183 142 76
4509439666 210 131 80
4509439716 180 125 72
4509439766 217 134 84
4509439816 165 119 58
4509439866 178 132 74
4509439916 234 164 80
4509439966 179 125 74
4509440016 237 195 80
4509440066 229 176 84
4509440116 120 90 40
4509440166 212 167 66
4509440216 196 142 72
4509440266 231 163 78
4509440316 163 104 54
4509440366 186 142 72
4509440419 178 115 58
4509440469 151 81 64
4509440519 257 149 88
4509440569 182 121 72
4509440619 141 97 56
4509440669 235 156 84
4509440719 186 118 68
4509440769 118 86 38
4509440819 226 152 84
4509440873 212 155 74
4509440923 224 154 72
4509440973 146 122 60
4509441026 183 136 58
4509441077 101 92 54
4509441127 169 110 78
4509441177 162 139 74
4509441227 122 101 48
4509441277 185 105 60
4509441327 49 30 34
4509441377 189 106 76
4509441427 210 117 82
4509441477 246 162 82
4509441527 150 103 62
4509441577 167 139 76
4509441627 211 115 80
4509441677 226 152 80
4509441727 185 113 82
4509441777 233 127 74
4509441827 137 99 50
4509441877 211 148 84
4509441927 214 123 72
4509441977 101 91 36
4509442027 190 145 74
4509442077 97 49 40
4509442127 241 157 84
4509442177 198 141 68
4509442227 211 135 84
4509442277 200 133 74
4509442327 228 145 80
4509442377 200 131 78
4509442427 170 130 48
4509442477 134 104 52
4509442527 141 74 54
4509442577 149 109 54
4509442627 146 98 68
4509442677 246 194 82
4509442727 110 83 48
4509442777 210 136 78
4509442827 189 122 76
4509442878 171 149 62
4509442928 175 130 62
4509442978 219 136 58
4509443028 177 118 82
4509443081 113 75 30
4509443131 205 105 82
4509443181 241 178 80
4509443231 242 189 82
4509443281 185 131 80
4509443331 229 166 66
4509443381 235 156 84
4509443433 49 37 21
4509443483 175 131 84
4509443533 169 159 78
4509443583 230 135 84
4509443633 234 174 76
4509443683 192 138 78
4509443733 142 116 44
4509443783 41 26 44
4509443833 119 120 72
4509443883 202 124 82
4509443936 233 148 64
4509443986 37 14 44
4509444036 209 139 72
4509444086 177 124 70
4509444136 227 135 80
4509444187 188 131 68
4509444237 236 126 84
4509444290 172 82 49
4509444340 90 61 64
4509444390 224 139 66
4509444440 182 82 64
4509444490 230 115 82
4509444540 195 117 70
4509444590 260 153 84
4509444641 170 99 60
4509444691 238 148 80
4509444741 112 68 34
4509444791 195 120 74
4509444841 223 135 80
4509444891 244 159 84
4509444941 236 193 82
4509444991 220 127 74
4509445041 240 140 84
4509445093 155 87 53
4509445143 226 127 78
4509445193 238 158 84
4509445247 94 73 35
4509445297 0 0 34
4509445347 110 60 60
4509445397 190 121 74
4509445447 192 112 78
4509445497 221 155 80
4509445547 117 97 64
4509445597 219 150 80
4509445647 221 123 80
4509445697 244 184 82
4509445747 182 125 72
4509445797 219 159 76
4509445847 231 149 74
4509445897 155 101 62
4509445947 13 11 22
4509445997 222 151 78
4509446047 219 141 78
4509446097 251 176 84
4509446148 146 71 41
4509446198 193 150 70
4509446248 251 153 82
4509446299 186 133 58
4509446349 170 109 60
4509446399 180 139 64
4509446449 137 100 46
4509446499 222 140 82
4509446549 259 209 84
4509446599 162 108 48
4509446650 90 55 33
4509446700 211 117 82
4509446750 244 152 82
4509446800 231 133 78
4509446851 131 78 39
4509446901 213 129 86
4509446955 150 99 42
4509447005 191 107 80
4509447055 237 135 72
4509447105 193 113 70
4509447155 232 110 82
4509447205 218 152 78
4509447255 252 167 84
4509447305 240 161 80
4509447355 232 144 80
4509447405 151 96 64
4509447455 102 72 42
4509447505 84 41 54
4509447556 77 49 29
4509447606 188 109 82
4509447659 204 124 69
4509447709 191 105 82
4509447759 237 127 80
4509447809 220 138 64
4509447859 216 133 76
4509447909 210 125 66
4509447959 232 141 78
4509448009 86 73 34
4509448059 233 122 82
4509448109 239 159 82
4509448159 265 177 82
4509448209 98 86 64
4509448259 119 77 46
4509448309 231 130 84
4509448359 245 122 80
4509448409 268 146 84
4509448460 53 35 17
4509448510 187 105 50
4509448560 164 122 58
4509448610 228 127 84
4509448663 97 47 35
4509448713 219 165 76
4509448763 166 204 70
4509448813 121 84 44
4509448863 113 68 56
4509448913 151 156 72
4509448963 157 120 64
4509449019 151 100 58
4509449069 189 89 80
4509449119 210 123 80
4509449169 188 96 80
4509449220 166 107 70
4509449270 196 105 78
4509449321 201 115 78
4509449371 186 121 80
4509449421 82 34 30
4509449471 197 119 82
4509449521 135 72 60
4509449571 123 69 56
4509449621 174 101 70
4509449671 182 120 66
4509449721 36 19 16
4509449771 95 48 62
4509449825 145 77 59
4509449875 162 75 76
4509449925 176 118 84
4509449975 131 83 74
4509450025 202 136 82
4509450075 200 140 80
4509450125 123 94 64
4509450175 9 3 22
4509450225 0 0 40
4509450275 83 58 62
4509450325 222 130 82
4509450375 198 107 58
4509450425 147 76 56
4509450475 210 136 82
4509450525 197 132 76
4509450575 138 80 46
4509450625 0 0 36
4509450675 0 0 26
4509450725 106 102 72
4509450775 144 85 72
4509450825 195 122 76
4509450875 157 127 80
4509450925 104 107 50
4509450975 205 138 82
4509451025 80 47 40
4509451075 150 72 74
4509451125 179 162 72
4509451175 187 118 72
4509451225 207 137 68
4509451276 9 9 17
4509451326 189 138 72
4509451376 199 117 64
4509451426 195 118 70
4509451476 259 131 82
4509451526 177 93 72
4509451576 169 120 70
4509451626 8 3 8
4509451676 185 95 80
4509451726 216 124 80
4509451776 226 135 84
4509451826 209 132 82
4509451876 171 91 76
4509451926 234 116 82
4509451976 130 85 58
4509452026 232 151 80
4509452076 182 123 72
4509452126 199 115 70
4509452176 167 98 60
4509452227 206 115 62
4509452277 193 111 80
4509452327 212 104 82
4509452377 192 110 72
4509452427 227 132 82
4509452477 109 63 42
4509452527 224 110 68
4509452577 181 115 68
4509452627 184 119 74
4509452677 197 116 78
4509452727 250 134 84
4509452777 263 190 76
4509452827 252 195 84
4509452877 271 212 82
4509452927 290 207 82
4509452977 264 183 84
4509453027 256 189 78
4509453077 300 182 82
4509453127 282 184 84
4509453177 266 206 80
4509453227 232 190 82
4509453277 264 178 82
4509453327 215 165 70
4509453377 222 152 84
4509453427 246 209 82
4509453477 190 125 86
4509453527 195 124 84
4509453577 191 148 80
4509453627 183 167 72
4509453677 85 76 34
4509453727 154 142 76
4509453777 146 133 86
4509453827 155 134 66
4509453877 208 153 82
4509453927 198 166 84
4509453977 210 135 86
4509454027 230 206 76
4509454077 277 228 84
4509454127 283 233 82
4509454177 264 209 82
4509454227 274 240 84
4509454277 283 267 80
4509454327 300 290 82
4509454377 285 263 82
4509454427 265 230 70
4509454477 302 318 76
4509454527 315 269 84
4509454577 342 341 80
4509454627 318 323 84
4509454677 269 282 80
4509454727 309 310 84
4509454777 241 249 68
4509454827 248 282 60
4509454877 243 231 64
4509454927 250 255 52
4509454977 195 237 60
4509455027 164 157 48
4509455077 339 327 82
4509455127 324 330 84
4509455177 268 262 64
4509455227 323 329 84
4509455277 206 168 64
4509455327 264 208 76
4509455378 123 147 35
4509455428 287 282 82
4509455481 282 256 73
4509455531 281 241 76
4509455581 299 304 84
4509455631 303 261 80
4509455681 206 181 58
4509455736 142 115 41
4509455786 126 115 66
4509455836 200 150 80
4509455886 70 82 18
4509455936 226 234 56
4509455986 203 208 56
4509456036 197 207 52
4509456087 176 207 39
4509456137 266 240 86
4509456187 285 269 80
4509456237 238 168 62
4509456287 314 248 82
4509456337 113 106 46
4509456387 296 253 84
4509456437 273 234 80
4509456490 152 167 33
4509456540 191 139 70
4509456590 289 236 84
4509456640 228 161 76
4509456690 252 211 82
4509456740 186 147 58
4509456790 265 195 76
4509456840 181 142 58
4509456890 236 202 72
4509456940 265 171 80
4509456996 193 147 53
4509457046 91 67 57
4509457096 245 178 82
4509457146 226 170 72
4509457196 290 229 82
4509457246 305 184 82
4509457296 2 2 20
4509457346 258 173 84
4509457396 292 212 78
4509457446 238 175 72
4509457499 298 204 79
4509457549 160 130 60
4509457599 97 84 57
4509457649 205 149 78
4509457699 201 199 62
4509457749 260 203 82
4509457799 251 172 74
4509457849 294 230 82
4509457899 72 40 36
4509457949 250 190 82
4509457999 185 133 74
4509458049 236 175 82
4509458099 231 152 84
4509458149 143 79 54
4509458199 102 60 63
4509458249 193 158 82
4509458299 200 156 74
4509458349 250 146 82
4509458399 212 163 78
4509458449 174 126 58
4509458499 2 0 12
4509458549 0 0 0
4509458599 145 93 46
4509458649 196 142 76
4509458699 239 212 74
4509458749 246 162 84
4509458799 249 162 80
4509458849 60 45 28
4509458899 302 194 82
4509458949 261 195 80
4509458999 246 181 70
4509459049 220 144 68
4509459099 282 221 82
4509459157 220 181 67
4509459207 94 70 70
4509459257 153 119 82
4509459307 154 119 74
4509459357 154 114 90
4509459407 72 58 36
4509459457 2 2 28
4509459507 187 113 72
4509459557 94 68 48
4509459607 206 117 82
4509459657 232 125 78
4509459707 258 144 84
4509459757 229 163 84
4509459807 231 136 80
4509459857 194 111 76
4509459910 1 0 37
4509459960 223 152 80
4509460019 208 145 62
4509460069 211 140 76
4509460119 184 111 72
4509460169 222 134 80
4509460219 151 105 66
4509460269 175 95 84
4509460319 162 88 68
4509460369 145 73 48
4509460419 245 128 82
4509460469 243 135 80
4509460519 267 145 84
4509460569 172 112 72
4509460619 59 31 18
4509460669 227 138 62
4509460719 262 155 84
4509460769 235 141 84
4509460819 249 187 80
4509460869 221 133 80
4509460919 274 163 82
4509460969 192 106 54
4509461019 245 158 82
4509461069 193 158 76
4509461119 214 148 82
4509461169 202 121 76
4509461219 226 152 74
4509461269 284 176 84
4509461319 257 170 82
4509461369 282 171 82
4509461421 143 96 44
4509461471 235 151 82
4509461521 73 37 32
4509461571 165 95 68
4509461621 194 128 70
4509461671 5 4 0
4509461721 101 72 30
4509461771 293 159 84
4509461821 215 103 56
4509461871 88 36 38
4509461921 71 37 22
4509461971 157 98 80
4509462021 151 85 80
4509462071 103 62 62
4509462121 77 35 36
4509462171 51 31 24
4509462221 163 100 84
4509462271 195 105 86
4509462321 208 136 84
4509462371 124 64 54
4509462421 138 72 58
4509462471 96 65 60
4509462521 110 63 48
4509462571 210 138 84
4509462625 99 62 38
4509462675 170 108 66
4509462725 186 103 84
4509462775 247 138 80
4509462825 241 156 62
4509462875 116 79 40
4509462925 177 97 64
4509462975 237 131 78
4509463025 91 58 40
4509463075 223 128 66
4509463125 165 108 60
4509463175 106 58 44
4509463225 207 106 84
4509463277 55 19 34
4509463327 163 81 68
4509463377 200 98 84
4509463427 210 106 64
4509463477 94 50 20
4509463534 91 51 29
4509463584 203 128 66
4509463634 118 79 26
4509463684 242 123 64
4509463734 158 80 48
4509463784 102 54 38
4509463834 7 3 4
4509463884 181 87 62
4509463934 262 159 80
4509463985 204 101 62
4509464035 175 73 64
4509464085 58 22 10
4509464135 169 86 62
4509464185 176 97 70
4509464235 194 122 78
4509464285 151 71 50
4509464336 132 73 43
4509464386 231 154 80
4509464436 224 106 68
4509464486 160 94 48
4509464536 133 79 38
4509464586 206 116 80
4509464636 128 72 44
4509464686 268 164 82
4509464736 215 103 76
4509464787 77 27 23
4509464837 32 19 14
4509464887 242 133 84
4509464937 218 110 80
4509464987 282 155 84
4509465037 131 68 46
4509465087 215 90 80
4509465137 100 70 26
4509465187 172 111 54
4509465237 134 61 40
4509465287 146 76 40
4509465337 109 72 38
4509465387 85 37 28
4509465437 130 67 50
4509465487 154 71 46
4509465539 94 24 34
4509465589 190 104 64
4509465639 53 37 32
4509465689 176 90 52
4509465739 200 157 64
4509465789 160 103 54
4509465839 189 118 70
4509465890 111 57 37
4509465940 88 32 50
4509465990 222 116 82
4509466040 150 73 62
4509466090 196 115 78
4509466143 126 85 41
4509466193 194 127 82
4509466243 76 44 32
4509466295 95 50 44
4509466345 227 123 82
4509466395 232 102 78
4509466445 254 131 80
4509466495 12 4 2
4509466545 33 31 12
4509466595 33 24 26
4509466645 215 129 72
4509466695 87 51 28
4509466745 177 88 76
4509466795 182 99 66
4509466845 222 104 84
4509466895 198 118 82
4509466945 35 22 16
4509466995 37 23 14
4509467045 59 27 28
4509467095 90 39 36
4509467145 48 35 14
4509467195 0 0 0
4509467245 185 126 76
4509467295 245 128 82
4509467345 121 78 50
4509467395 0 0 0
4509467445 0 0 2
4509467495 130 69 34
4509467545 0 0 0
4509467595 0 0 0
4509467645 0 0 0
4509467695 101 68 38
4509467745 232 154 82
4509467795 6 2 0
4509467845 0 0 0
4509467895 0 0 0
4509467945 0 0 0
4509467995 0 0 0
4509468045 0 0 4
4509468095 0 0 0
4509468145 0 0 0
4509468195 0 0 0
4509468245 62 47 26
4509468295 187 117 64
4509468346 93 43 33
4509468396 0 0 0
4509468446 56 30 20
4509468497 61 38 15
4509468547 99 36 38
4509468597 133 75 58
4509468647 208 130 76
4509468697 78 43 24
4509468747 89 47 12
4509468797 0 0 0
4509468847 16 9 6
4509468897 52 29 14
4509468947 0 0 0
4509468997 0 0 0
4509469047 0 0 0
4509469097 4 2 2
4509469148 0 0 0
4509469199 0 0 0
4509469249 0 0 0
4509469299 131 59 32
4509469349 0 0 0
4509469399 34 12 12
4509469449 202 106 72
4509469499 22 12 6
4509469549 22 14 12
4509469599 0 0 0
4509469650 0 0 0
4509469701 0 0 0
4509469752 0 0 0
4509469802 0 0 0
4509469853 38 18 13
4509469903 0 0 0
4509469954 0 0 0
4509470004 71 51 36
4509470054 99 76 46
4509470105 0 0 0
4509470155 0 0 0
4509470206 0 0 0
4509470256 49 26 24
4509470306 91 52 32
4509470356 106 42 46
4509470407 43 20 11
4509470458 0 0 0
4509470508 0 0 0
4509470558 98 57 32
4509470609 83 55 23
4509470660 0 0 0
4509470710 0 0 0
4509470761 0 0 0
4509470811 0 0 0
4509470861 94 49 34
4509470911 87 51 32
4509470961 34 38 16
4509471011 46 29 18
4509471061 17 13 4
4509471111 0 0 0
4509471161 0 0 0
4509471211 0 0 0
4509471262 0 0 0
4509471312 0 0 0
4509471362 11 3 12
4509471412 152 102 52
4509471462 80 37 24
4509471512 0 0 0
4509471563 0 0 0
4509471613 0 0 0
4509471664 0 0 0
4509471714 67 40 44
4509471764 146 67 46
4509471814 118 62 38
4509471864 202 92 78
4509471914 98 63 42
4509471965 0 0 0
4509472015 0 0 0
4509472065 82 56 40
4509472115 0 0 0
4509472165 0 0 0
4509472215 0 0 0
4509472266 0 0 0
4509472316 26 21 20
4509472366 28 14 6
4509472416 133 75 52
4509472466 32 28 12
4509472516 0 0 0
4509472566 0 0 0
4509472616 0 0 0
4509472666 42 28 20
4509472716 45 32 18
4509472766 11 9 6
4509472816 82 61 24
4509472867 0 0 0
4509472918 0 0 0
4509472969 0 0 0
4509473019 0 0 0
4509473069 0 0 0
4509473120 0 0 0
4509473170 0 0 0
4509473220 0 0 0
4509473271 0 0 0
4509473321 0 0 0
4509473371 0 0 0
4509473421 112 82 40
4509473471 232 153 82
4509473521 0 0 10
4509473571 114 80 70
4509473622 149 88 50
4509473672 0 0 0
4509473722 0 0 0
4509473772 83 38 34
4509473822 86 62 28
4509473873 48 39 19
4509473924 0 0 0
4509473975 0 0 0
4509474025 70 40 30
4509474077 62 55 25
4509474129 116 83 50
4509474180 105 65 43
4509474230 55 51 30
4509474280 212 110 82
4509474335 144 97 45
4509474385 0 0 42
4509474441 54 41 51
4509474491 102 51 64
4509474542 10 8 0
4509474592 0 0 0
4509474642 0 0 0
4509474692 0 0 0
4509474742 19 15 10
4509474792 171 86 62
4509474842 200 116 82
4509474892 202 122 82
4509474942 134 85 46
4509474992 206 131 72
4509475042 208 118 66
4509475092 91 63 30
4509475143 142 90 47
4509475193 75 45 32
4509475243 111 81 36
4509475293 200 116 88
4509475343 93 59 40
4509475394 0 0 0
4509475445 0 0 0
4509475495 0 0 0
4509475545 105 54 38
4509475596 3 3 1
4509475646 0 0 0
4509475697 0 0 0
4509475747 0 0 0
4509475797 0 0 0
4509475848 0 0 0
4509475898 6 4 6
4509475948 33 25 20
4509475998 109 93 44
4509476048 52 40 18
4509476098 57 18 26
4509476148 209 136 80
4509476198 107 67 30
4509476248 214 117 80
4509476298 121 72 54
4509476348 104 51 50
4509476399 85 48 39
4509476449 223 162 92
4509476499 130 61 60
4509476549 227 158 92
4509476603 32 17 27
4509476653 219 134 90
4509476703 206 91 92
4509476753 237 166 82
4509476803 109 73 44
4509476853 198 119 88
4509476903 149 93 72
4509476954 10 4 5
4509477004 176 80 64
4509477061 27 19 22
4509477111 170 103 70
4509477161 201 112 80
4509477211 173 134 72
4509477263 100 63 34
4509477313 23 15 44
4509477363 224 153 82
4509477416 140 92 45
4509477466 177 132 84
4509477516 190 120 86
4509477566 82 52 42
4509477616 105 59 54
4509477666 219 141 82
4509477716 119 84 52
4509477766 98 61 38
4509477816 19 21 8
4509477866 175 147 74
4509477916 69 40 18
4509477966 157 97 58
4509478016 85 56 32
4509478068 99 60 28
4509478118 57 32 30
4509478168 95 56 46
4509478218 196 110 92
4509478268 162 112 74
4509478318 164 122 66
4509478368 8 2 16
4509478418 200 132 90
4509478468 198 133 78
4509478518 154 91 64
4509478573 198 136 69
4509478623 1 1 32
4509478673 95 59 44
4509478723 128 68 60
4509478773 241 143 80
4509478823 211 140 78
4509478873 151 89 70
4509478923 208 140 82
4509478973 213 169 72
4509479023 37 27 28
4509479084 126 88 42
4509479134 0 0 30
4509479184 102 66 60
4509479234 172 159 66
4509479284 211 130 80
4509479334 141 63 66
4509479384 124 93 42
4509479434 194 116 74
4509479484 134 96 48
4509479544 85 61 28
4509479594 133 61 62
4509479644 168 128 60
4509479694 110 92 54
4509479744 20 12 16
4509479794 107 70 70
4509479844 202 163 92
4509479894 175 114 76
4509479957 78 48 26
4509480007 136 78 60
4509480057 196 114 74
4509480107 169 127 78
4509480157 145 97 66
4509480207 141 103 48
4509480257 150 134 66
4509480307 33 28 26
4509480365 141 86 56
4509480415 189 124 80
4509480465 151 93 64
4509480515 176 146 90
4509480565 137 99 56
4509480615 48 37 36
4509480665 187 117 82
4509480716 108 67 41
4509480766 166 111 58
4509480827 132 72 40
4509480877 0 0 40
4509480927 31 19 52
4509480977 214 140 84
4509481027 96 53 46
4509481077 121 86 58
4509481129 0 0 26
4509481179 202 130 78
4509481239 129 93 45
4509481289 51 24 40
4509481342 178 118 67
4509481392 179 133 74
4509481446 141 92 50
4509481496 131 87 46
4509481546 89 69 56
4509481596 190 142 74
4509481646 149 99 58
4509481696 201 125 82
4509481746 194 149 76
4509481796 28 13 28
4509481846 190 129 82
4509481896 125 83 50
4509481946 0 0 36
4509481996 65 47 42
4509482046 168 125 74
4509482096 215 166 76
4509482146 211 159 82
4509482196 182 113 70
4509482246 88 69 34
4509482296 189 135 70
4509482346 111 85 52
4509482396 24 17 14
4509482446 204 152 78
4509482496 65 46 42
4509482546 85 64 36
4509482596 176 111 76
4509482646 60 43 22
4509482696 184 122 78
4509482746 75 64 30
4509482797 27 13 33
4509482847 157 100 66
4509482897 195 140 78
4509482947 183 120 82
4509482997 196 143 80
4509483047 188 122 80
4509483097 49 40 18
4509483147 77 51 46
4509483197 168 102 60
4509483247 114 75 40
4509483297 76 58 38
4509483347 107 77 50
4509483397 160 117 78
4509483447 96 76 36
4509483499 117 77 51
4509483560 139 103 50
4509483610 122 89 48
4509483660 101 107 38
4509483710 60 52 36
4509483764 130 107 50
4509483814 0 0 34
4509483864 168 95 56
4509483914 145 126 68
4509483964 171 93 76
4509484014 50 53 24
4509484064 147 94 68
4509484114 209 130 84
4509484164 199 117 76
4509484214 49 31 32
4509484264 157 116 70
4509484314 98 85 40
4509484364 112 74 50
4509484414 4 3 16
4509484464 16 14 10
4509484514 157 118 74
4509484564 50 27 20
4509484614 169 110 76
4509484667 124 76 54
4509484717 157 134 60
4509484767 74 54 30
4509484817 19 15 50
4509484867 167 126 76
4509484917 143 114 72
4509484967 86 47 36
4509485017 78 53 63
4509485067 194 118 76
4509485118 27 26 13
4509485168 138 113 76
4509485218 113 78 46
4509485268 152 95 68
4509485318 21 15 30
4509485368 139 103 72
4509485418 160 105 72
4509485468 79 55 34
4509485518 96 71 50
4509485568 85 67 44
4509485618 0 0 28
4509485668 158 103 70
4509485718 189 145 76
4509485768 39 15 14
4509485818 0 0 30
4509485868 121 84 68
4509485918 161 103 76
4509485968 193 139 76
4509486018 195 148 78
4509486068 35 33 20
4509486118 0 0 36
4509486168 0 0 36
4509486218 182 152 82
4509486268 188 171 76
4509486318 151 93 72
4509486368 190 114 84
4509486418 109 106 52
4509486468 118 88 50
4509486518 102 85 42
4509486568 88 71 30
4509486618 105 93 44
4509486668 46 27 18
4509486718 43 33 22
4509486768 171 141 76
4509486818 71 47 36
4509486868 86 56 34
4509486918 158 126 72
4509486968 90 51 50
4509487018 60 67 26
4509487079 120 81 45
4509487129 158 136 74
4509487183 119 94 48
4509487233 150 125 66
4509487283 170 130 82
4509487333 143 108 68
4509487383 8 5 20
4509487433 115 81 76
4509487483 48 29 28
4509487541 94 88 41
4509487591 133 80 82
4509487641 151 121 68
4509487691 66 51 38
4509487742 135 88 68
4509487799 2 0 0
4509487849 104 74 62
4509487899 160 141 76
4509487949 9 3 10
4509487999 150 138 76
4509488049 192 154 78
4509488099 119 115 54
4509488149 156 126 70
4509488199 148 124 74
4509488249 6 3 10
4509488299 150 110 80
4509488352 136 91 54
4509488402 98 73 52
4509488452 181 139 82
4509488502 170 119 80
4509488552 90 86 36
4509488602 31 20 16
4509488652 126 77 54
4509488702 92 93 42
4509488752 136 92 60
4509488802 75 55 34
4509488854 89 61 42
4509488904 140 85 66
4509488955 56 33 35
4509489005 119 104 66
4509489055 32 24 22
4509489105 159 121 80
4509489165 109 89 46
4509489215 14 6 8
4509489265 180 141 74
4509489315 110 81 46
4509489365 144 100 76
4509489415 9 11 16
4509489466 125 111 60
4509489516 120 87 64
4509489570 51 41 18
4509489620 68 58 52
4509489670 154 139 82
4509489720 166 170 74
4509489770 87 73 38
4509489820 123 95 50
4509489874 84 78 38
4509489924 92 67 56
4509489974 160 96 72
4509490024 164 109 72
4509490074 59 36 30
4509490124 170 129 80
4509490174 94 49 50
4509490231 102 84 36
4509490281 35 23 18
4509490331 161 136 74
4509490381 122 110 56
4509490431 0 0 26
4509490481 31 21 48
4509490531 189 150 76
4509490581 168 111 70
4509490631 82 56 40
4509490681 150 102 82
4509490731 119 85 68
4509490781 41 29 18
4509490831 119 73 62
4509490881 145 138 72
4509490931 13 10 18
4509490981 160 123 78
4509491031 105 84 48
4509491081 135 111 72
4509491131 16 12 10
4509491183 0 0 5
4509491233 139 81 72
4509491283 169 134 80
4509491333 161 120 80
4509491383 104 113 42
4509491433 97 63 46
4509491483 151 96 78
4509491538 111 73 49
4509491588 89 90 60
4509491638 108 78 74
4509491691 74 78 35
4509491741 69 51 38
4509491791 177 142 78
4509491841 130 113 64
4509491891 125 83 84
4509491941 111 95 62
4509491991 50 38 34
4509492041 111 78 70
4509492091 97 70 44
4509492141 72 37 32
4509492191 157 128 70
4509492244 35 31 15
4509492295 0 0 15
4509492345 81 46 50
4509492395 181 138 84
4509492445 162 158 76
4509492495 71 56 36
4509492545 161 117 80
4509492595 123 120 62
4509492645 157 126 82
4509492695 95 85 52
4509492745 23 16 18
4509492795 66 64 60
4509492845 173 129 80
4509492895 76 63 30
4509492945 174 118 82
4509492995 7 6 10
4509493045 149 105 70
4509493095 169 178 80
4509493145 149 126 68
4509493195 0 0 24
4509493245 136 103 60
4509493295 192 130 78
4509493346 100 77 37
4509493396 36 26 50
4509493446 167 123 76
4509493501 94 73 38
4509493551 190 144 82
4509493601 5 2 4
4509493651 73 63 60
4509493701 174 135 80
4509493751 162 137 72
4509493801 164 140 70
4509493851 113 81 48
4509493901 79 55 36
4509493951 193 173 84
4509494001 91 72 46
4509494051 144 137 78
4509494101 50 38 24
4509494151 131 69 72
4509494201 82 56 48
4509494252 64 66 21
4509494302 102 95 68
4509494352 165 133 82
4509494402 171 146 68
4509494452 68 59 38
4509494502 154 132 82
4509494552 44 46 36
4509494602 144 136 72
4509494652 160 119 72
4509494702 160 153 80
4509494752 164 133 72
4509494811 136 83 44
4509494861 83 61 64
4509494911 130 88 62
4509494961 136 72 62
4509495011 90 62 38
4509495061 150 112 76
4509495111 144 105 64
4509495161 136 119 68
4509495211 21 11 28
4509495261 182 156 80
4509495311 140 106 76
4509495363 74 72 32
4509495414 0 0 37
4509495464 151 107 76
4509495514 149 150 56
4509495564 16 14 18
4509495614 159 117 70
4509495664 0 0 0
4509495714 0 0 0
4509495764 53 41 30
4509495814 120 97 64
4509495864 63 47 26
4509495914 59 45 16
4509495964 10 15 16
4509496014 92 86 40
4509496065 65 49 37
4509496117 33 23 13
4509496167 1 2 4
4509496217 139 102 78
4509496267 38 39 20
4509496321 88 63 48
4509496371 144 127 68
4509496421 83 63 48
4509496471 164 143 74
4509496522 87 44 43
4509496572 64 46 36
4509496622 172 121 78
4509496684 87 83 37
4509496734 49 33 48
4509496784 154 128 78
4509496834 172 142 78
4509496884 137 103 68
4509496934 50 32 26
4509496984 149 120 82
4509497034 59 47 34
4509497089 80 62 41
4509497139 84 61 54
4509497189 140 106 72
4509497241 0 0 13
4509497291 168 116 76
4509497341 109 98 56
4509497391 152 122 80
4509497441 140 111 62
4509497491 27 27 16
4509497541 37 18 52
4509497591 153 115 76
4509497641 136 113 78
4509497691 151 100 80
4509497741 136 115 74
4509497791 6 9 18
4509497841 43 42 60
4509497891 132 121 76
4509497941 99 77 64
4509497999 129 91 44
4509498049 0 0 34
4509498099 113 96 64
4509498149 108 120 48
4509498199 117 99 58
4509498249 146 114 86
4509498299 163 130 72
4509498349 143 128 76
4509498399 162 130 74
4509498449 161 133 80
4509498499 207 184 82
4509498549 190 154 80
4509498599 209 219 84
4509498649 176 198 78
4509498699 136 133 66
4509498750 183 172 74
4509498800 179 155 80
4509498850 210 258 70
4509498900 249 257 84
4509498950 191 209 66
4509499000 256 265 82
4509499050 232 223 64
4509499100 273 353 82
4509499150 275 308 80
4509499200 251 263 78
4509499250 288 312 82
4509499300 270 318 84
4509499350 265 342 82
4509499400 284 318 80
4509499450 278 363 82
4509499500 261 354 80
4509499550 236 322 72
4509499600 146 196 32
4509499650 176 225 48
4509499700 235 306 54
4509499750 257 346 62
4509499800 138 202 62
4509499850 220 296 72
4509499900 182 302 76
4509499950 90 152 44
4509500000 295 445 80
4509500050 321 470 80
4509500100 348 578 84
4509500150 331 604 84
4509500200 308 588 80
4509500250 310 616 82
4509500300 376 664 84
4509500350 347 699 84
4509500400 353 677 72
4509500450 281 545 62
4509500500 62 104 14
4509500550 273 465 64
4509500600 309 539 52
4509500650 312 505 64
4509500700 295 556 58
4509500750 308 574 54
4509500800 81 146 10
4509500850 0 0 0
4509500900 0 0 0
4509500951 0 0 0
4509501001 0 0 0
4509501052 0 0 0
4509501103 0 0 0
4509501153 39 60 6
4509501203 271 522 50
4509501253 272 502 60
4509501303 204 295 62
4509501353 20 32 2
4509501403 173 339 38
4509501453 381 776 84
4509501503 351 734 80
4509501553 369 869 80
4509501603 251 703 58
4509501654 0 0 0
4509501704 231 500 52
4509501754 252 516 42
4509501804 239 401 44
4509501854 311 662 52
4509501905 0 0 0
4509501955 0 0 0
4509502005 0 0 0
4509502055 0 0 0
4509502106 0 0 0
4509502156 0 0 0
4509502206 0 0 0
4509502256 0 0 0
4509502307 0 0 0
4509502357 266 538 52
4509502408 200 484 37
4509502458 0 0 0
4509502508 0 0 0
4509502558 121 390 24
4509502608 294 855 72
4509502658 345 939 80
4509502708 124 291 26
4509502758 0 0 0
4509502808 244 483 40
4509502858 158 390 22
4509502908 261 576 44
4509502959 0 0 0
4509503009 0 0 0
4509503060 0 0 0
4509503110 0 0 0
4509503160 0 0 0
4509503211 0 0 0
4509503262 0 0 0
4509503312 0 0 0
4509503362 0 0 0
4509503412 111 231 16
4509503462 211 452 42
4509503512 0 0 0
4509503562 0 0 0
4509503612 1 9 10
4509503662 1 5 4
4509503712 0 0 0
4509503762 0 0 0
4509503813 0 0 0
4509503863 151 375 44
4509503913 66 175 32
4509503963 0 0 0
4509504013 0 0 0
4509504063 0 0 0
4509504113 0 0 0
4509504163 0 0 0
4509504214 0 0 0
4509504264 0 0 0
4509504314 0 0 0
4509504365 0 0 0
4509504415 0 0 0
4509504465 60 159 14
4509504515 121 321 20
4509504566 0 0 0
4509504617 0 0 0
4509504668 0 0 0
4509504718 0 0 0
4509504769 0 0 0
4509504820 0 0 0
4509504870 0 0 0
4509504921 0 0 0
4509504972 0 0 0
4509505022 0 0 0
4509505073 0 0 0
4509505123 0 0 0
4509505174 0 0 0
4509505224 0 0 0
4509505274 0 0 0
4509505324 0 0 0
4509505374 0 0 0
4509505424 0 0 0
4509505474 0 0 0
read 2085 profiled data
